{
 "cells": [
  {
   "cell_type": "code",
   "execution_count": 13,
   "metadata": {},
   "outputs": [],
   "source": [
    "from sklearn.svm import SVC\n",
    "import numpy as np\n",
    "from sklearn import datasets\n",
    "import pandas as pd\n",
    "from ensemble import EnsembleClassifier\n",
    "from sklearn.model_selection import train_test_split\n",
    "from sklearn.ensemble import BaggingClassifier, RandomForestClassifier\n",
    "import math\n"
   ]
  },
  {
   "cell_type": "code",
   "execution_count": 2,
   "metadata": {},
   "outputs": [],
   "source": [
    "iris = datasets.load_iris()\n",
    "X = pd.DataFrame(data=iris['data'], columns=iris['feature_names'])\n",
    "y = iris['target']\n",
    "X_train, X_test, y_train, y_test = train_test_split(X, y, test_size=0.33, random_state=42)"
   ]
  },
  {
   "cell_type": "code",
   "execution_count": 3,
   "metadata": {},
   "outputs": [
    {
     "data": {
      "text/plain": [
       "(     sepal length (cm)  sepal width (cm)  petal length (cm)  petal width (cm)\n",
       " 96                 5.7               2.9                4.2               1.3\n",
       " 105                7.6               3.0                6.6               2.1\n",
       " 66                 5.6               3.0                4.5               1.5\n",
       " 0                  5.1               3.5                1.4               0.2\n",
       " 122                7.7               2.8                6.7               2.0\n",
       " ..                 ...               ...                ...               ...\n",
       " 71                 6.1               2.8                4.0               1.3\n",
       " 106                4.9               2.5                4.5               1.7\n",
       " 14                 5.8               4.0                1.2               0.2\n",
       " 92                 5.8               2.6                4.0               1.2\n",
       " 102                7.1               3.0                5.9               2.1\n",
       " \n",
       " [100 rows x 4 columns],\n",
       " array([1, 2, 1, 0, 2, 1, 0, 0, 0, 1, 2, 0, 0, 0, 1, 0, 1, 2, 0, 1, 2, 0,\n",
       "        2, 2, 1, 1, 2, 1, 0, 1, 2, 0, 0, 1, 1, 0, 2, 0, 0, 1, 1, 2, 1, 2,\n",
       "        2, 1, 0, 0, 2, 2, 0, 0, 0, 1, 2, 0, 2, 2, 0, 1, 1, 2, 1, 2, 0, 2,\n",
       "        1, 2, 1, 1, 1, 0, 1, 1, 0, 1, 2, 2, 0, 1, 2, 2, 0, 2, 0, 1, 2, 2,\n",
       "        1, 2, 1, 1, 2, 2, 0, 1, 2, 0, 1, 2]))"
      ]
     },
     "execution_count": 3,
     "metadata": {},
     "output_type": "execute_result"
    }
   ],
   "source": [
    "X_train, y_train"
   ]
  },
  {
   "cell_type": "code",
   "execution_count": 5,
   "metadata": {},
   "outputs": [],
   "source": [
    "\n",
    "test = EnsembleClassifier(SVC(probability=True)).fit(X_train, y_train)"
   ]
  },
  {
   "cell_type": "code",
   "execution_count": 7,
   "metadata": {},
   "outputs": [
    {
     "data": {
      "text/plain": [
       "array([[0.01136937, 0.76347456, 0.22515607],\n",
       "       [0.86477009, 0.07889232, 0.05633759],\n",
       "       [0.03020446, 0.0555117 , 0.91428384],\n",
       "       [0.01131134, 0.80771738, 0.18097128],\n",
       "       [0.01248659, 0.59539716, 0.39211625],\n",
       "       [0.87934051, 0.07542632, 0.04523317],\n",
       "       [0.02869155, 0.90883639, 0.06247206],\n",
       "       [0.01270019, 0.14967869, 0.83762112],\n",
       "       [0.01023963, 0.80088963, 0.18887074],\n",
       "       [0.01318219, 0.918663  , 0.06815481],\n",
       "       [0.01332466, 0.19312114, 0.7935542 ],\n",
       "       [0.94218515, 0.03537586, 0.02243899],\n",
       "       [0.87815684, 0.07092196, 0.0509212 ],\n",
       "       [0.93824047, 0.03856994, 0.02318959],\n",
       "       [0.95476307, 0.02761312, 0.01762381],\n",
       "       [0.01541307, 0.63597006, 0.34861687],\n",
       "       [0.01145629, 0.08449585, 0.90404787],\n",
       "       [0.01413877, 0.93316657, 0.05269466],\n",
       "       [0.01365327, 0.85515682, 0.1311899 ],\n",
       "       [0.01088291, 0.10779665, 0.88132044],\n",
       "       [0.95016335, 0.03230978, 0.01752687],\n",
       "       [0.01427648, 0.39851724, 0.58720629],\n",
       "       [0.9409881 , 0.03872564, 0.02028626],\n",
       "       [0.01075827, 0.10961981, 0.87962191],\n",
       "       [0.02167115, 0.03768377, 0.94064508],\n",
       "       [0.01182348, 0.12535544, 0.86282108],\n",
       "       [0.01225055, 0.10492403, 0.88282542],\n",
       "       [0.01224793, 0.05691682, 0.93083525],\n",
       "       [0.94034634, 0.03727659, 0.02237707],\n",
       "       [0.94118462, 0.03831419, 0.02050119],\n",
       "       [0.9652075 , 0.0164826 , 0.01830989],\n",
       "       [0.9294984 , 0.04075645, 0.02974515],\n",
       "       [0.01040145, 0.79587054, 0.19372801],\n",
       "       [0.95294128, 0.03027621, 0.01678251],\n",
       "       [0.96366069, 0.02011287, 0.01622644],\n",
       "       [0.01252522, 0.29179453, 0.69568025],\n",
       "       [0.01182756, 0.76781092, 0.22036152],\n",
       "       [0.93738808, 0.03747324, 0.02513868],\n",
       "       [0.9585593 , 0.02387144, 0.01756926],\n",
       "       [0.95593228, 0.02597928, 0.01808844],\n",
       "       [0.01367177, 0.25577738, 0.73055085],\n",
       "       [0.02380319, 0.75683245, 0.21936436],\n",
       "       [0.01251858, 0.65201403, 0.33546739],\n",
       "       [0.94387128, 0.03086729, 0.02526143],\n",
       "       [0.92749589, 0.04195817, 0.03054594],\n",
       "       [0.01981208, 0.934367  , 0.04582093],\n",
       "       [0.01300893, 0.32907545, 0.65791562],\n",
       "       [0.0114926 , 0.11439162, 0.87411578],\n",
       "       [0.00994201, 0.8062613 , 0.18379669],\n",
       "       [0.01602194, 0.03692409, 0.94705397]])"
      ]
     },
     "execution_count": 7,
     "metadata": {},
     "output_type": "execute_result"
    }
   ],
   "source": [
    "test.predict_proba(X_test)"
   ]
  },
  {
   "cell_type": "code",
   "execution_count": 8,
   "metadata": {},
   "outputs": [],
   "source": [
    "max_features = math.floor(math.sqrt(len(X.columns)))\n",
    "bag = BaggingClassifier(SVC(probability=True), max_features=max_features).fit(X_train, y_train)"
   ]
  },
  {
   "cell_type": "code",
   "execution_count": 9,
   "metadata": {},
   "outputs": [
    {
     "data": {
      "text/plain": [
       "array([[0.02037274, 0.73897408, 0.24065318],\n",
       "       [0.85171198, 0.09651276, 0.05177526],\n",
       "       [0.03601193, 0.04283687, 0.9211512 ],\n",
       "       [0.01987523, 0.77846997, 0.2016548 ],\n",
       "       [0.02087511, 0.59372566, 0.38539924],\n",
       "       [0.87158974, 0.08694038, 0.04146989],\n",
       "       [0.04512126, 0.89725451, 0.05762423],\n",
       "       [0.01851417, 0.18096559, 0.80052024],\n",
       "       [0.01897872, 0.73947236, 0.24154892],\n",
       "       [0.0269571 , 0.91200423, 0.06103868],\n",
       "       [0.01902222, 0.21428874, 0.76668904],\n",
       "       [0.92754421, 0.04367037, 0.02878543],\n",
       "       [0.89491154, 0.06144332, 0.04364514],\n",
       "       [0.92627524, 0.04548973, 0.02823502],\n",
       "       [0.92411247, 0.04779088, 0.02809665],\n",
       "       [0.02332558, 0.63091607, 0.34575835],\n",
       "       [0.01594653, 0.05943872, 0.92461475],\n",
       "       [0.03431755, 0.914872  , 0.05081044],\n",
       "       [0.02364817, 0.823815  , 0.15253683],\n",
       "       [0.01553478, 0.0759539 , 0.90851132],\n",
       "       [0.93038263, 0.04365088, 0.02596649],\n",
       "       [0.0210533 , 0.40309228, 0.57585442],\n",
       "       [0.91090459, 0.0599619 , 0.02913352],\n",
       "       [0.01588759, 0.08340161, 0.9007108 ],\n",
       "       [0.02847186, 0.04570109, 0.92582705],\n",
       "       [0.01684455, 0.13289233, 0.85026312],\n",
       "       [0.01854201, 0.10105774, 0.88040026],\n",
       "       [0.01618468, 0.04161842, 0.9421969 ],\n",
       "       [0.919335  , 0.05053596, 0.03012905],\n",
       "       [0.92337253, 0.04899371, 0.02763376],\n",
       "       [0.94096917, 0.02922362, 0.0298072 ],\n",
       "       [0.84880961, 0.10245674, 0.04873365],\n",
       "       [0.02054231, 0.77433288, 0.20512481],\n",
       "       [0.9328171 , 0.04199275, 0.02519016],\n",
       "       [0.94125837, 0.03198369, 0.02675793],\n",
       "       [0.01879702, 0.28144987, 0.6997531 ],\n",
       "       [0.02089074, 0.74757452, 0.23153474],\n",
       "       [0.92293326, 0.04705638, 0.03001036],\n",
       "       [0.93685703, 0.0366152 , 0.02652777],\n",
       "       [0.93080874, 0.0406038 , 0.02858746],\n",
       "       [0.02082276, 0.25064308, 0.72853416],\n",
       "       [0.0338306 , 0.73646322, 0.22970618],\n",
       "       [0.02090428, 0.63790591, 0.34118981],\n",
       "       [0.89462413, 0.06834997, 0.0370259 ],\n",
       "       [0.91283078, 0.05278479, 0.03438443],\n",
       "       [0.05367974, 0.90102789, 0.04529237],\n",
       "       [0.01927014, 0.38607395, 0.59465591],\n",
       "       [0.01768361, 0.13821386, 0.84410253],\n",
       "       [0.01958165, 0.78497308, 0.19544527],\n",
       "       [0.01992315, 0.03087943, 0.94919742]])"
      ]
     },
     "execution_count": 9,
     "metadata": {},
     "output_type": "execute_result"
    }
   ],
   "source": [
    "bag.predict_proba(X_test)"
   ]
  },
  {
   "cell_type": "code",
   "execution_count": 10,
   "metadata": {},
   "outputs": [
    {
     "data": {
      "text/plain": [
       "array([1, 0, 2, 1, 1, 0, 1, 2, 1, 1, 2, 0, 0, 0, 0, 1, 2, 1, 1, 2, 0, 2,\n",
       "       0, 2, 2, 2, 2, 2, 0, 0, 0, 0, 1, 0, 0, 2, 1, 0, 0, 0, 2, 1, 1, 0,\n",
       "       0, 1, 2, 2, 1, 2])"
      ]
     },
     "execution_count": 10,
     "metadata": {},
     "output_type": "execute_result"
    }
   ],
   "source": [
    "test.predict(X_test)"
   ]
  },
  {
   "cell_type": "code",
   "execution_count": 11,
   "metadata": {},
   "outputs": [
    {
     "data": {
      "text/plain": [
       "array([1, 0, 2, 1, 1, 0, 1, 2, 1, 1, 2, 0, 0, 0, 0, 1, 2, 1, 1, 2, 0, 2,\n",
       "       0, 2, 2, 2, 2, 2, 0, 0, 0, 0, 1, 0, 0, 2, 1, 0, 0, 0, 2, 1, 1, 0,\n",
       "       0, 1, 2, 2, 1, 2])"
      ]
     },
     "execution_count": 11,
     "metadata": {},
     "output_type": "execute_result"
    }
   ],
   "source": [
    "bag.predict(X_test)"
   ]
  },
  {
   "cell_type": "code",
   "execution_count": 14,
   "metadata": {},
   "outputs": [],
   "source": [
    "forest = RandomForestClassifier(n_estimators=10).fit(X_train, y_train)"
   ]
  },
  {
   "cell_type": "code",
   "execution_count": 16,
   "metadata": {},
   "outputs": [
    {
     "data": {
      "text/plain": [
       "array([1, 0, 2, 1, 1, 0, 1, 2, 1, 1, 2, 0, 0, 0, 0, 1, 2, 1, 1, 2, 0, 2,\n",
       "       0, 2, 2, 2, 2, 2, 0, 0, 0, 0, 1, 0, 0, 2, 1, 0, 0, 0, 2, 1, 1, 0,\n",
       "       0, 1, 2, 2, 1, 2])"
      ]
     },
     "execution_count": 16,
     "metadata": {},
     "output_type": "execute_result"
    }
   ],
   "source": [
    "forest.predict(X_test)"
   ]
  },
  {
   "cell_type": "code",
   "execution_count": null,
   "metadata": {},
   "outputs": [],
   "source": []
  }
 ],
 "metadata": {
  "kernelspec": {
   "display_name": "Python 3",
   "language": "python",
   "name": "python3"
  },
  "language_info": {
   "codemirror_mode": {
    "name": "ipython",
    "version": 3
   },
   "file_extension": ".py",
   "mimetype": "text/x-python",
   "name": "python",
   "nbconvert_exporter": "python",
   "pygments_lexer": "ipython3",
   "version": "3.9.6"
  },
  "orig_nbformat": 4
 },
 "nbformat": 4,
 "nbformat_minor": 2
}
